22 22
44 44
57 57
91 91
269 269
503 503
184 184
1619 1619
2781 2781
11 11
16 16
15 15
23 23
25 25
18 18
17 17
15 15
21 21
23 23
14 14
17 17
26 26
11 11
259 259
23 23
21 21
263 263
274 274
12 12
35 35
26 26
13 13
13 13
28 28
10 10
285 285
15 15
28 28
307 307
299 299
20 20
21 21
19 19
23 23
10 10
16 16
25 25
19 19
19 19
28 28
11 11
23 23
19 19
11 11
296 296
23 23
21 21
281 281
322 322
22 22
15 15
14 14
13 13
19 19
26 26
316 316
25 25
23 23
13 13
320 320
318 318
184 184
31 31
175 175
32 32
176 176
42 42
37 37
205 205
26 26
27 27
32 32
192 192
28 28
192 192
26 26
171 171
38 38
157 157
60 60
184 184
50 50
37 37
178 178
31 31
30 30
33 33
144 144
36 36
172 172
31 31
24 24
17 17
20 20
21 21
183 183
41 41
166 166
49 49
165 165
48 48
44 44
168 168
33 33
33 33
37 37
174 174
32 32
150 150
44 44
187 187
48 48
168 168
41 41
168 168
43 43
31 31
168 168
48 48
34 34
45 45
161 161
47 47
171 171
46 46
25 25
19 19
24 24
28 28
22 22
29 29
13 13
13 13
10 10
16 16
16 16
11 11
20 20
23 23
13 13
16 16
10 10
13 13
11 11
17 17
22 22
305 305
20 20
18 18
259 259
276 276
10 10
18 18
16 16
19 19
256 256
12 12
16 16
269 269
233 233
15 15
21 21
19 19
31 31
25 25
19 19
28 28
21 21
18 18
19 19
247 247
12 12
16 16
10 10
192 192
221 221
12 12
10 10
16 16
21 21
12 12
12 12
16 16
17 17
210 210
245 245
16 16
14 14
176 176
185 185
173 173
60 60
178 178
50 50
148 148
32 32
35 35
142 142
45 45
25 25
38 38
179 179
43 43
167 167
67 67
166 166
50 50
164 164
43 43
164 164
38 38
47 47
134 134
58 58
25 25
32 32
151 151
67 67
144 144
68 68
26 26
31 31
30 30
39 39
34 34
39 39
174 174
30 30
159 159
33 33
145 145
37 37
22 22
165 165
68 68
29 29
24 24
149 149
66 66
153 153
67 67
141 141
42 42
141 141
29 29
105 105
22 22
114 114
27 27
35 35
21 21
138 138
62 62
121 121
59 59
21 21
13 13
91 91
47 47
95 95
55 55
28 28
35 35
33 33
40 40
34 34
25 25
22 22
15 15
23 23
18 18
20 20
17 17
22 22
16 16
17 17
20 20
10 10
13 13
19 19
15 15
211 211
14 14
13 13
219 219
10 10
164 164
11 11
13 13
19 19
10 10
23 23
12 12
160 160
14 14
148 148
147 147
19 19
26 26
19 19
17 17
10 10
17 17
28 28
33 33
12 12
16 16
18 18
11 11
15 15
13 13
125 125
17 17
124 124
139 139
10 10
25 25
20 20
10 10
12 12
13 13
120 120
17 17
108 108
114 114
100 100
18 18
106 106
27 27
88 88
26 26
19 19
103 103
57 57
22 22
11 11
86 86
48 48
63 63
34 34
85 85
12 12
88 88
12 12
67 67
14 14
121 121
19 19
58 58
35 35
62 62
39 39
34 34
27 27
22 22
21 21
16 16
20 20
75 75
75 75
59 59
10 10
83 83
16 16
48 48
30 30
60 60
17 17
71 71
55 55
17 17
50 50
10 10
42 42
27 27
11 11
34 34
20 20
31 31
16 16
12 12
23 23
11 11
17 17
11 11
18 18
10 10
21 21
16 16
17 17
12 12
18 18
18 18
18 18
17 17
12 12
94 94
17 17
84 84
76 76
10 10
21 21
12 12
64 64
11 11
41 41
52 52
15 15
15 15
15 15
17 17
12 12
15 15
42 42
44 44
29 29
11 11
10 10
26 26
27 27
30 30
15 15
42 42
12 12
39 39
38 38
61 61
55 55
35 35
42 42
32 32
24 24
31 31
35 35
34 34
10 10
22 22
22 22
27 27
16 16
25 25
19 19
19 19
19 19
12 12
15 15
20 20
21 21
17 17
20 20
18 18
17 17
13 13
12 12
15 15
20 20
26 26
11 11
22 22
10 10
15 15
23 23
21 21
15 15
19 19
23 23
24 24
